9367,3.0
9369,4.048606725957725
9387,4.0
9389,4.806455003248361
9405,5.0
9407,5.650897039847349
9423,6.0
9425,6.631313651701143
9441,7.0
9443,7.635085567035167
9459,8.0
9461,8.650992636144316
9477,9.0
9479,9.689686705832724
9495,10.0
9497,10.726497576804217
9513,11.0
9515,11.873477708696328
9531,12.0
9533,12.873477372788294
9549,13.0
9551,13.873476257248079
9567,14.0
9569,14.87347255257352
9585,15.0
9587,15.873460249463829
9603,16.0
9605,16.87341939121687
9621,17.0
9623,17.87328370224178
9639,18.0
9641,18.872833083349995
9657,19.0
9659,19.87133659194025
9675,20.0
9677,20.866366790229016
9693,21.0
9695,21.849862232375948
9711,22.0
9713,22.795051105946087
9729,23.0
9731,23.613025049431585
9747,24.0
9749,24.00852214266103
9765,25.0
9767,24.007685042816238
9781,26.0
9783,24.007198720627784
